2.005898634612815 1.0534124656399313 0.7898825412436772 1.861164507633704 0.23470995364808572 0.49844011965666957 1.6059342448013487 3.81131065612027 2.168551192723181 5.618890977061093 0.5528851163795734 4.75950906555707 1.9117209421531554 4.773912468231912 0.0003516064910217588 5.662657152502406 
2.0158986346128147 1.0634124656399313 0.7998825412436772 1.871164507633704 0.24470995364808573 0.5084401196566696 1.6159342448013487 3.80131065612027 2.1785511927231807 5.628890977061093 0.5628851163795734 4.749509065557071 1.9217209421531554 4.763912468231912 -0.009648393508978241 5.672657152502405 
2.0258986346128145 1.0734124656399313 0.8098825412436772 1.881164507633704 0.25470995364808574 0.49844011965666957 1.6259342448013487 3.7913106561202703 2.1885511927231804 5.638890977061092 0.5728851163795734 4.739509065557071 1.9317209421531554 4.7539124682319125 -0.01964839350897824 5.682657152502405 
2.0358986346128143 1.0834124656399313 0.8198825412436772 1.891164507633704 0.26470995364808575 0.48844011965666956 1.6359342448013487 3.7813106561202705 2.1985511927231802 5.648890977061092 0.5828851163795734 4.729509065557071 1.9417209421531554 4.743912468231913 -0.029648393508978244 5.692657152502405 
2.045898634612814 1.0934124656399313 0.8298825412436772 1.901164507633704 0.27470995364808576 0.47844011965666955 1.6459342448013488 3.7713106561202707 2.20855119272318 5.658890977061092 0.5928851163795734 4.719509065557071 1.9517209421531554 4.733912468231913 -0.039648393508978245 5.702657152502405 
2.055898634612814 1.1034124656399313 0.8398825412436772 1.911164507633704 0.28470995364808577 0.46844011965666954 1.6559342448013488 3.761310656120271 2.21855119272318 5.668890977061092 0.6028851163795734 4.7095090655570715 1.9617209421531554 4.723912468231913 -0.04964839350897825 5.712657152502405 
2.0658986346128136 1.1134124656399313 0.8498825412436772 1.921164507633704 0.2947099536480858 0.45844011965666953 1.6659342448013488 3.751310656120271 2.2285511927231796 5.678890977061092 0.6128851163795734 4.699509065557072 1.9717209421531554 4.713912468231913 -0.05964839350897825 5.722657152502404 
2.0758986346128134 1.1234124656399314 0.8598825412436772 1.931164507633704 0.3047099536480858 0.4484401196566695 1.6759342448013488 3.7413106561202714 2.2385511927231794 5.688890977061091 0.6228851163795734 4.689509065557072 1.9817209421531554 4.703912468231914 -0.06964839350897825 5.732657152502404 
2.085898634612813 1.1334124656399314 0.8698825412436773 1.941164507633704 0.3147099536480858 0.4384401196566695 1.6859342448013488 3.7313106561202716 2.248551192723179 5.698890977061091 0.6328851163795735 4.679509065557072 1.9917209421531554 4.693912468231914 -0.07964839350897825 5.742657152502404 
2.095898634612813 1.1434124656399314 0.8798825412436773 1.951164507633704 0.3247099536480858 0.4284401196566695 1.6959342448013488 3.721310656120272 2.258551192723179 5.708890977061091 0.6428851163795735 4.689509065557072 2.001720942153155 4.683912468231914 -0.08964839350897824 5.752657152502404 
2.105898634612813 1.1534124656399314 0.8898825412436773 1.961164507633704 0.3347099536480858 0.4184401196566695 1.7059342448013488 3.711310656120272 2.2685511927231787 5.718890977061091 0.6528851163795735 4.699509065557072 2.011720942153155 4.673912468231914 -0.09964839350897824 5.7626571525024035 
2.1158986346128126 1.1634124656399314 0.8998825412436773 1.971164507633704 0.3447099536480858 0.4084401196566695 1.7159342448013488 3.701310656120272 2.2785511927231785 5.7288909770610905 0.6628851163795735 4.7095090655570715 2.021720942153155 4.663912468231914 -0.10964839350897823 5.772657152502403 
2.1258986346128124 1.1734124656399314 0.9098825412436773 1.981164507633704 0.35470995364808583 0.3984401196566695 1.7259342448013488 3.6913106561202724 2.2885511927231783 5.73889097706109 0.6728851163795735 4.719509065557071 2.0317209421531546 4.653912468231915 -0.11964839350897823 5.782657152502403 
2.135898634612812 1.1834124656399314 0.9198825412436773 1.9911645076337041 0.36470995364808584 0.38844011965666947 1.7359342448013488 3.6813106561202726 2.298551192723178 5.74889097706109 0.6828851163795735 4.729509065557071 2.0417209421531544 4.663912468231914 -0.12964839350897822 5.792657152502403 
2.145898634612812 1.1934124656399314 0.9298825412436773 2.001164507633704 0.37470995364808585 0.37844011965666946 1.7459342448013488 3.671310656120273 2.2885511927231783 5.75889097706109 0.6928851163795735 4.739509065557071 2.051720942153154 4.653912468231915 -0.13964839350897823 5.802657152502403 
2.1558986346128117 1.2034124656399314 0.9398825412436773 2.011164507633704 0.38470995364808586 0.36844011965666945 1.7559342448013489 3.661310656120273 2.2785511927231785 5.76889097706109 0.7028851163795735 4.749509065557071 2.061720942153154 4.643912468231915 -0.14964839350897824 5.8126571525024024 
2.1658986346128115 1.2134124656399314 0.9498825412436773 2.0211645076337037 0.39470995364808587 0.35844011965666944 1.7659342448013489 3.6513106561202733 2.2685511927231787 5.7788909770610895 0.7128851163795735 4.75950906555707 2.0717209421531537 4.633912468231915 -0.15964839350897825 5.822657152502402 
2.1758986346128113 1.2234124656399314 0.9598825412436773 2.0311645076337035 0.4047099536480859 0.34844011965666943 1.7759342448013489 3.6413106561202735 2.258551192723179 5.788890977061089 0.7228851163795735 4.76950906555707 2.0817209421531535 4.643912468231915 -0.16964839350897826 5.832657152502402 
2.185898634612811 1.2334124656399315 0.9698825412436773 2.0411645076337033 0.4147099536480859 0.3384401196566694 1.7859342448013489 3.6313106561202737 2.248551192723179 5.798890977061089 0.7328851163795735 4.77950906555707 2.0917209421531533 4.633912468231915 -0.17964839350897827 5.842657152502402 
2.195898634612811 1.2434124656399315 0.9798825412436774 2.051164507633703 0.4247099536480859 0.3284401196566694 1.795934244801349 3.621310656120274 2.2385511927231794 5.808890977061089 0.7428851163795736 4.78950906555707 2.101720942153153 4.643912468231915 -0.18964839350897827 5.852657152502402 
2.2058986346128107 1.2534124656399315 0.9898825412436774 2.061164507633703 0.4347099536480859 0.3184401196566694 1.805934244801349 3.611310656120274 2.2285511927231796 5.818890977061089 0.7528851163795736 4.79950906555707 2.111720942153153 4.633912468231915 -0.19964839350897828 5.862657152502401 
2.2158986346128104 1.2634124656399315 0.9998825412436774 2.0711645076337026 0.4447099536480859 0.3084401196566694 1.815934244801349 3.6013106561202743 2.21855119272318 5.828890977061088 0.7628851163795736 4.809509065557069 2.1217209421531527 4.623912468231915 -0.2096483935089783 5.872657152502401 
2.2258986346128102 1.2734124656399315 1.0098825412436774 2.061164507633703 0.4547099536480859 0.2984401196566694 1.825934244801349 3.5913106561202746 2.20855119272318 5.838890977061088 0.7728851163795736 4.819509065557069 2.1317209421531524 4.633912468231915 -0.2196483935089783 5.882657152502401 
2.23589863461281 1.2834124656399315 1.0198825412436774 2.051164507633703 0.4647099536480859 0.2884401196566694 1.835934244801349 3.5813106561202748 2.1985511927231802 5.848890977061088 0.7828851163795736 4.809509065557069 2.1417209421531522 4.623912468231915 -0.2296483935089783 5.892657152502401 
2.24589863461281 1.2934124656399315 1.0298825412436774 2.0411645076337033 0.47470995364808594 0.27844011965666937 1.845934244801349 3.571310656120275 2.1885511927231804 5.858890977061088 0.7928851163795736 4.79950906555707 2.151720942153152 4.633912468231915 -0.23964839350897832 5.9026571525024005 
2.2558986346128096 1.3034124656399315 1.0398825412436774 2.0311645076337035 0.48470995364808594 0.26844011965666936 1.855934244801349 3.561310656120275 2.1785511927231807 5.8688909770610875 0.8028851163795736 4.78950906555707 2.161720942153152 4.623912468231915 -0.24964839350897833 5.9126571525024 
2.2658986346128094 1.3134124656399315 1.0498825412436774 2.0211645076337037 0.49470995364808595 0.25844011965666935 1.865934244801349 3.5513106561202754 2.168551192723181 5.878890977061087 0.8128851163795736 4.77950906555707 2.1717209421531516 4.633912468231915 -0.25964839350897834 5.9226571525024 
2.275898634612809 1.3234124656399315 1.0598825412436774 2.011164507633704 0.5047099536480859 0.24844011965666934 1.875934244801349 3.5413106561202756 2.158551192723181 5.888890977061087 0.8228851163795736 4.76950906555707 2.1817209421531514 4.643912468231915 -0.26964839350897835 5.9326571525024 
2.285898634612809 1.3334124656399315 1.0698825412436774 2.001164507633704 0.5147099536480859 0.23844011965666934 1.865934244801349 3.531310656120276 2.1485511927231813 5.898890977061087 0.8328851163795736 4.77950906555707 2.191720942153151 4.633912468231915 -0.27964839350897835 5.9426571525024 
2.2958986346128087 1.3434124656399316 1.0798825412436774 1.9911645076337041 0.5247099536480859 0.24844011965666934 1.855934244801349 3.521310656120276 2.1385511927231815 5.908890977061087 0.8428851163795736 4.78950906555707 2.201720942153151 4.623912468231915 -0.28964839350897836 5.9526571525023995 
2.3058986346128085 1.3534124656399316 1.0898825412436774 1.981164507633704 0.5347099536480859 0.25844011965666935 1.845934244801349 3.5113106561202763 2.1285511927231817 5.9188909770610865 0.8528851163795736 4.79950906555707 2.2117209421531507 4.6139124682319155 -0.2996483935089784 5.962657152502399 
2.3158986346128083 1.3634124656399316 1.0998825412436775 1.971164507633704 0.5447099536480859 0.24844011965666934 1.835934244801349 3.5013106561202765 2.118551192723182 5.928890977061086 0.8628851163795737 4.809509065557069 2.2217209421531505 4.603912468231916 -0.3096483935089784 5.972657152502399 
2.325898634612808 1.3734124656399316 1.1098825412436775 1.961164507633704 0.554709953648086 0.25844011965666935 1.825934244801349 3.4913106561202767 2.108551192723182 5.938890977061086 0.8728851163795737 4.819509065557069 2.2317209421531503 4.6139124682319155 -0.3196483935089784 5.982657152502399 
2.335898634612808 1.3834124656399316 1.1198825412436775 1.951164507633704 0.564709953648086 0.26844011965666936 1.835934244801349 3.481310656120277 2.0985511927231824 5.948890977061086 0.8828851163795737 4.809509065557069 2.24172094215315 4.603912468231916 -0.3296483935089784 5.992657152502399 
2.3458986346128077 1.3934124656399316 1.1298825412436775 1.941164507633704 0.574709953648086 0.25844011965666935 1.825934244801349 3.471310656120277 2.0885511927231826 5.958890977061086 0.8928851163795737 4.819509065557069 2.25172094215315 4.6139124682319155 -0.3396483935089784 6.002657152502398 
2.3558986346128075 1.4034124656399316 1.1398825412436775 1.931164507633704 0.584709953648086 0.26844011965666936 1.835934244801349 3.4613106561202773 2.078551192723183 5.968890977061085 0.9028851163795737 4.809509065557069 2.2617209421531497 4.603912468231916 -0.3496483935089784 6.012657152502398 
2.3658986346128072 1.4134124656399316 1.1498825412436775 1.921164507633704 0.594709953648086 0.27844011965666937 1.825934244801349 3.4513106561202775 2.068551192723183 5.978890977061085 0.9128851163795737 4.819509065557069 2.2717209421531495 4.6139124682319155 -0.3596483935089784 6.022657152502398 
2.375898634612807 1.4234124656399316 1.1598825412436775 1.911164507633704 0.604709953648086 0.2884401196566694 1.815934244801349 3.4413106561202778 2.058551192723183 5.988890977061085 0.9228851163795737 4.829509065557069 2.2817209421531492 4.603912468231916 -0.36964839350897843 6.032657152502398 
2.385898634612807 1.4334124656399316 1.1698825412436775 1.901164507633704 0.614709953648086 0.27844011965666937 1.825934244801349 3.431310656120278 2.0485511927231834 5.998890977061085 0.9328851163795737 4.819509065557069 2.291720942153149 4.6139124682319155 -0.37964839350897844 6.0426571525023975 
2.3958986346128066 1.4434124656399316 1.1798825412436775 1.891164507633704 0.624709953648086 0.2884401196566694 1.815934244801349 3.421310656120278 2.0385511927231836 6.0088909770610845 0.9428851163795737 4.829509065557069 2.301720942153149 4.603912468231916 -0.38964839350897845 6.052657152502397 
2.4058986346128064 1.4534124656399316 1.1898825412436775 1.881164507633704 0.634709953648086 0.2984401196566694 1.805934244801349 3.4113106561202784 2.028551192723184 6.018890977061084 0.9528851163795737 4.819509065557069 2.3117209421531486 4.593912468231916 -0.39964839350897846 6.062657152502397 
2.415898634612806 1.4634124656399317 1.1998825412436775 1.871164507633704 0.644709953648086 0.2884401196566694 1.815934244801349 3.4013106561202786 2.018551192723184 6.028890977061084 0.9628851163795737 4.829509065557069 2.3217209421531484 4.603912468231916 -0.40964839350897847 6.072657152502397 
2.425898634612806 1.4734124656399317 1.2098825412436776 1.861164507633704 0.654709953648086 0.2984401196566694 1.805934244801349 3.391310656120279 2.0085511927231843 6.038890977061084 0.9728851163795738 4.819509065557069 2.331720942153148 4.593912468231916 -0.4196483935089785 6.082657152502397 
2.4358986346128058 1.4834124656399317 1.2198825412436776 1.851164507633704 0.664709953648086 0.2884401196566694 1.795934244801349 3.381310656120279 1.9985511927231843 6.048890977061084 0.9828851163795738 4.829509065557069 2.341720942153148 4.603912468231916 -0.4296483935089785 6.0926571525023965 
2.4458986346128055 1.4934124656399317 1.2298825412436776 1.841164507633704 0.6747099536480861 0.2984401196566694 1.805934244801349 3.3713106561202792 1.9885511927231843 6.0588909770610835 0.9928851163795738 4.819509065557069 2.3517209421531478 4.6139124682319155 -0.4396483935089785 6.102657152502396 
2.4558986346128053 1.5034124656399317 1.2398825412436776 1.831164507633704 0.6847099536480861 0.2884401196566694 1.815934244801349 3.3613106561202795 1.9785511927231842 6.068890977061083 1.0028851163795738 4.809509065557069 2.3617209421531475 4.623912468231915 -0.4496483935089785 6.112657152502396 
2.465898634612805 1.5134124656399317 1.2498825412436776 1.821164507633704 0.6947099536480861 0.2984401196566694 1.805934244801349 3.3513106561202797 1.9685511927231842 6.078890977061083 1.0128851163795738 4.819509065557069 2.3717209421531473 4.6139124682319155 -0.4596483935089785 6.122657152502396 
2.475898634612805 1.5234124656399317 1.2598825412436776 1.811164507633704 0.7047099536480861 0.3084401196566694 1.795934244801349 3.34131065612028 1.9585511927231842 6.088890977061083 1.0228851163795738 4.829509065557069 2.381720942153147 4.603912468231916 -0.4696483935089785 6.132657152502396 
2.4858986346128047 1.5134124656399317 1.2698825412436776 1.801164507633704 0.7147099536480861 0.3184401196566694 1.805934244801349 3.33131065612028 1.9485511927231842 6.098890977061083 1.0328851163795738 4.819509065557069 2.391720942153147 4.6139124682319155 -0.47964839350897853 6.142657152502395 
2.4958986346128045 1.5234124656399317 1.2798825412436776 1.791164507633704 0.7247099536480861 0.3084401196566694 1.795934244801349 3.3213106561202803 1.9385511927231842 6.108890977061082 1.0428851163795738 4.809509065557069 2.4017209421531467 4.623912468231915 -0.48964839350897854 6.152657152502395 
2.5058986346128043 1.5334124656399317 1.2898825412436776 1.781164507633704 0.7347099536480861 0.3184401196566694 1.805934244801349 3.3113106561202805 1.9285511927231842 6.118890977061082 1.0528851163795738 4.819509065557069 2.391720942153147 4.633912468231915 -0.49964839350897855 6.162657152502395 
2.515898634612804 1.5234124656399317 1.2998825412436776 1.771164507633704 0.7447099536480861 0.3284401196566694 1.815934244801349 3.3013106561202807 1.9185511927231842 6.128890977061082 1.0628851163795738 4.809509065557069 2.381720942153147 4.623912468231915 -0.5096483935089785 6.172657152502395 
2.525898634612804 1.5334124656399317 1.3098825412436776 1.761164507633704 0.7547099536480861 0.3184401196566694 1.805934244801349 3.291310656120281 1.9285511927231842 6.138890977061082 1.0728851163795738 4.819509065557069 2.3717209421531473 4.6139124682319155 -0.5196483935089785 6.182657152502395 
2.5358986346128036 1.5434124656399317 1.3198825412436777 1.751164507633704 0.7647099536480861 0.3284401196566694 1.815934244801349 3.281310656120281 1.9385511927231842 6.148890977061082 1.0828851163795739 4.829509065557069 2.3617209421531475 4.623912468231915 -0.5296483935089785 6.192657152502394 
2.5458986346128034 1.5534124656399317 1.3298825412436777 1.741164507633704 0.7747099536480861 0.3184401196566694 1.805934244801349 3.2713106561202814 1.9485511927231842 6.158890977061081 1.0928851163795739 4.839509065557069 2.3717209421531473 4.6139124682319155 -0.5396483935089785 6.202657152502394 
2.5358986346128036 1.5634124656399317 1.3398825412436777 1.7311645076337039 0.7847099536480862 0.3284401196566694 1.815934244801349 3.2613106561202816 1.9385511927231842 6.168890977061081 1.1028851163795739 4.829509065557069 2.3617209421531475 4.623912468231915 -0.5496483935089785 6.212657152502394 
2.5458986346128034 1.5734124656399318 1.3498825412436777 1.7211645076337039 0.7947099536480862 0.3184401196566694 1.805934244801349 3.251310656120282 1.9485511927231842 6.178890977061081 1.1128851163795739 4.839509065557069 2.3717209421531473 4.6139124682319155 -0.5596483935089785 6.222657152502394 
2.555898634612803 1.5834124656399318 1.3598825412436777 1.7111645076337039 0.8047099536480862 0.3284401196566694 1.815934244801349 3.241310656120282 1.9585511927231842 6.188890977061081 1.1228851163795739 4.8495090655570685 2.3617209421531475 4.603912468231916 -0.5696483935089786 6.2326571525023935 
2.565898634612803 1.5934124656399318 1.3698825412436777 1.7211645076337039 0.8147099536480862 0.3384401196566694 1.805934244801349 3.2313106561202822 1.9485511927231842 6.1988909770610805 1.132885116379574 4.859509065557068 2.3517209421531478 4.593912468231916 -0.5596483935089785 6.242657152502393 
2.5758986346128028 1.5834124656399318 1.3798825412436777 1.7311645076337039 0.8047099536480862 0.34844011965666943 1.795934244801349 3.2213106561202824 1.9585511927231842 6.20889097706108 1.1228851163795739 4.869509065557068 2.341720942153148 4.583912468231916 -0.5696483935089786 6.252657152502393 
2.5858986346128026 1.5934124656399318 1.3898825412436777 1.7211645076337039 0.7947099536480862 0.3384401196566694 1.805934244801349 3.2113106561202827 1.9485511927231842 6.1988909770610805 1.132885116379574 4.879509065557068 2.331720942153148 4.573912468231916 -0.5796483935089786 6.262657152502393 
2.5958986346128023 1.5834124656399318 1.3998825412436777 1.7111645076337039 0.7847099536480862 0.34844011965666943 1.815934244801349 3.201310656120283 1.9385511927231842 6.20889097706108 1.1228851163795739 4.889509065557068 2.3217209421531484 4.583912468231916 -0.5896483935089786 6.272657152502393 
2.605898634612802 1.5734124656399318 1.3898825412436777 1.7011645076337039 0.7747099536480861 0.35844011965666944 1.825934244801349 3.191310656120283 1.9485511927231842 6.21889097706108 1.1128851163795739 4.8995090655570674 2.3117209421531486 4.593912468231916 -0.5996483935089786 6.282657152502392 
2.615898634612802 1.5834124656399318 1.3998825412436777 1.7111645076337039 0.7847099536480862 0.36844011965666945 1.815934244801349 3.1813106561202833 1.9385511927231842 6.20889097706108 1.1028851163795739 4.889509065557068 2.301720942153149 4.583912468231916 -0.5896483935089786 6.292657152502392 
2.6258986346128017 1.5734124656399318 1.4098825412436777 1.7011645076337039 0.7947099536480862 0.37844011965666946 1.825934244801349 3.1713106561202835 1.9485511927231842 6.1988909770610805 1.1128851163795739 4.8995090655570674 2.291720942153149 4.573912468231916 -0.5996483935089786 6.302657152502392 
2.6358986346128015 1.5634124656399317 1.3998825412436777 1.7111645076337039 0.7847099536480862 0.38844011965666947 1.835934244801349 3.1613106561202837 1.9385511927231842 6.20889097706108 1.1028851163795739 4.909509065557067 2.2817209421531492 4.5639124682319165 -0.6096483935089786 6.312657152502392 
2.6258986346128017 1.5534124656399317 1.4098825412436777 1.7211645076337039 0.7747099536480861 0.3984401196566695 1.825934244801349 3.1713106561202835 1.9285511927231842 6.1988909770610805 1.0928851163795739 4.919509065557067 2.291720942153149 4.573912468231916 -0.5996483935089786 6.322657152502392 
2.6358986346128015 1.5434124656399317 1.4198825412436777 1.7111645076337039 0.7847099536480862 0.4084401196566695 1.835934244801349 3.1613106561202837 1.9385511927231842 6.188890977061081 1.1028851163795739 4.929509065557067 2.2817209421531492 4.5639124682319165 -0.6096483935089786 6.332657152502391 
2.6458986346128013 1.5334124656399317 1.4098825412436777 1.7211645076337039 0.7947099536480862 0.4184401196566695 1.825934244801349 3.151310656120284 1.9285511927231842 6.1988909770610805 1.0928851163795739 4.939509065557067 2.2717209421531495 4.553912468231917 -0.5996483935089786 6.342657152502391 
2.6358986346128015 1.5234124656399317 1.4198825412436777 1.7311645076337039 0.7847099536480862 0.4284401196566695 1.835934244801349 3.1613106561202837 1.9385511927231842 6.188890977061081 1.1028851163795739 4.949509065557066 2.2817209421531492 4.543912468231917 -0.6096483935089786 6.352657152502391 
2.6258986346128017 1.5134124656399317 1.4098825412436777 1.741164507633704 0.7947099536480862 0.4384401196566695 1.845934244801349 3.151310656120284 1.9285511927231842 6.178890977061081 1.0928851163795739 4.939509065557067 2.2717209421531495 4.553912468231917 -0.5996483935089786 6.362657152502391 
2.6358986346128015 1.5034124656399317 1.4198825412436777 1.751164507633704 0.8047099536480862 0.4484401196566695 1.835934244801349 3.1613106561202837 1.9385511927231842 6.188890977061081 1.0828851163795739 4.949509065557066 2.2617209421531497 4.5639124682319165 -0.6096483935089786 6.352657152502391 
2.6458986346128013 1.4934124656399317 1.4098825412436777 1.741164507633704 0.7947099536480862 0.4384401196566695 1.845934244801349 3.151310656120284 1.9285511927231842 6.178890977061081 1.0928851163795739 4.939509065557067 2.2717209421531495 4.553912468231917 -0.5996483935089786 6.362657152502391 
2.6358986346128015 1.4834124656399317 1.4198825412436777 1.751164507633704 0.8047099536480862 0.4484401196566695 1.835934244801349 3.1613106561202837 1.9185511927231842 6.168890977061081 1.0828851163795739 4.949509065557066 2.2817209421531492 4.543912468231917 -0.6096483935089786 6.352657152502391 
2.6258986346128017 1.4734124656399317 1.4098825412436777 1.761164507633704 0.8147099536480862 0.45844011965666953 1.845934244801349 3.151310656120284 1.9285511927231842 6.158890977061081 1.0928851163795739 4.939509065557067 2.2717209421531495 4.533912468231917 -0.5996483935089786 6.362657152502391 
2.615898634612802 1.4634124656399317 1.3998825412436777 1.771164507633704 0.8247099536480862 0.46844011965666954 1.855934244801349 3.141310656120284 1.9385511927231842 6.148890977061082 1.0828851163795739 4.949509065557066 2.2617209421531497 4.523912468231917 -0.6096483935089786 6.3726571525023905 
2.6258986346128017 1.4534124656399316 1.4098825412436777 1.761164507633704 0.8147099536480862 0.45844011965666953 1.845934244801349 3.1313106561202844 1.9285511927231842 6.158890977061081 1.0928851163795739 4.959509065557066 2.2717209421531495 4.513912468231918 -0.5996483935089786 6.38265715250239 
2.6358986346128015 1.4434124656399316 1.4198825412436777 1.751164507633704 0.8047099536480862 0.46844011965666954 1.835934244801349 3.1213106561202846 1.9185511927231842 6.148890977061082 1.1028851163795739 4.949509065557066 2.2817209421531492 4.503912468231918 -0.5896483935089786 6.39265715250239 
2.6258986346128017 1.4334124656399316 1.4098825412436777 1.761164507633704 0.8147099536480862 0.45844011965666953 1.825934244801349 3.1313106561202844 1.9285511927231842 6.138890977061082 1.1128851163795739 4.959509065557066 2.2717209421531495 4.493912468231918 -0.5796483935089786 6.40265715250239 
2.615898634612802 1.4234124656399316 1.3998825412436777 1.771164507633704 0.8247099536480862 0.46844011965666954 1.835934244801349 3.1213106561202846 1.9385511927231842 6.148890977061082 1.1028851163795739 4.969509065557066 2.2617209421531497 4.483912468231918 -0.5896483935089786 6.41265715250239 
2.6258986346128017 1.4334124656399316 1.4098825412436777 1.761164507633704 0.8147099536480862 0.47844011965666955 1.825934244801349 3.111310656120285 1.9285511927231842 6.138890977061082 1.0928851163795739 4.979509065557066 2.2717209421531495 4.493912468231918 -0.5996483935089786 6.422657152502389 
2.6358986346128015 1.4234124656399316 1.4198825412436777 1.751164507633704 0.8247099536480862 0.48844011965666956 1.835934244801349 3.1213106561202846 1.9385511927231842 6.128890977061082 1.1028851163795739 4.969509065557066 2.2617209421531497 4.483912468231918 -0.5896483935089786 6.41265715250239 
2.6258986346128017 1.4134124656399316 1.4098825412436777 1.761164507633704 0.8347099536480862 0.47844011965666955 1.825934244801349 3.111310656120285 1.9285511927231842 6.138890977061082 1.0928851163795739 4.979509065557066 2.25172094215315 4.4739124682319185 -0.5796483935089786 6.40265715250239 
2.6358986346128015 1.4234124656399316 1.4198825412436777 1.771164507633704 0.8247099536480862 0.48844011965666956 1.835934244801349 3.1213106561202846 1.9385511927231842 6.128890977061082 1.1028851163795739 4.9895090655570655 2.2617209421531497 4.483912468231918 -0.5896483935089786 6.41265715250239 
2.6258986346128017 1.4134124656399316 1.4098825412436777 1.781164507633704 0.8347099536480862 0.49844011965666957 1.825934244801349 3.1313106561202844 1.9285511927231842 6.138890977061082 1.0928851163795739 4.979509065557066 2.2717209421531495 4.493912468231918 -0.5796483935089786 6.422657152502389 
2.615898634612802 1.4234124656399316 1.3998825412436777 1.791164507633704 0.8447099536480862 0.48844011965666956 1.835934244801349 3.1213106561202846 1.9385511927231842 6.128890977061082 1.1028851163795739 4.969509065557066 2.2617209421531497 4.483912468231918 -0.5896483935089786 6.432657152502389 
2.605898634612802 1.4134124656399316 1.3898825412436777 1.781164507633704 0.8347099536480862 0.47844011965666955 1.845934244801349 3.111310656120285 1.9485511927231842 6.138890977061082 1.0928851163795739 4.979509065557066 2.2717209421531495 4.493912468231918 -0.5996483935089786 6.442657152502389 
2.615898634612802 1.4234124656399316 1.3998825412436777 1.771164507633704 0.8247099536480862 0.46844011965666954 1.835934244801349 3.1213106561202846 1.9385511927231842 6.148890977061082 1.1028851163795739 4.9895090655570655 2.2617209421531497 4.483912468231918 -0.5896483935089786 6.432657152502389 
2.6258986346128017 1.4334124656399316 1.4098825412436777 1.761164507633704 0.8147099536480862 0.47844011965666955 1.825934244801349 3.111310656120285 1.9485511927231842 6.138890977061082 1.1128851163795739 4.979509065557066 2.2717209421531495 4.4739124682319185 -0.5796483935089786 6.422657152502389 
2.615898634612802 1.4234124656399316 1.3998825412436777 1.771164507633704 0.8247099536480862 0.46844011965666954 1.815934244801349 3.1213106561202846 1.9385511927231842 6.148890977061082 1.1228851163795739 4.969509065557066 2.2817209421531492 4.483912468231918 -0.5696483935089786 6.432657152502389 
2.6258986346128017 1.4334124656399316 1.4098825412436777 1.761164507633704 0.8147099536480862 0.45844011965666953 1.805934244801349 3.111310656120285 1.9285511927231842 6.158890977061081 1.132885116379574 4.959509065557066 2.291720942153149 4.4739124682319185 -0.5796483935089786 6.442657152502389 
2.615898634612802 1.4434124656399316 1.3998825412436777 1.751164507633704 0.8047099536480862 0.4484401196566695 1.815934244801349 3.101310656120285 1.9385511927231842 6.148890977061082 1.1228851163795739 4.969509065557066 2.2817209421531492 4.463912468231919 -0.5896483935089786 6.432657152502389 
2.6258986346128017 1.4334124656399316 1.4098825412436777 1.741164507633704 0.8147099536480862 0.45844011965666953 1.825934244801349 3.091310656120285 1.9285511927231842 6.138890977061082 1.1128851163795739 4.959509065557066 2.2717209421531495 4.4739124682319185 -0.5996483935089786 6.422657152502389 
2.6358986346128015 1.4234124656399316 1.3998825412436777 1.751164507633704 0.8047099536480862 0.4484401196566695 1.835934244801349 3.101310656120285 1.9385511927231842 6.148890977061082 1.1228851163795739 4.969509065557066 2.2617209421531497 4.483912468231918 -0.5896483935089786 6.432657152502389 
2.6258986346128017 1.4334124656399316 1.3898825412436777 1.741164507633704 0.8147099536480862 0.4384401196566695 1.825934244801349 3.091310656120285 1.9485511927231842 6.158890977061081 1.1128851163795739 4.979509065557066 2.2717209421531495 4.4739124682319185 -0.5996483935089786 6.442657152502389 
2.615898634612802 1.4434124656399316 1.3798825412436777 1.751164507633704 0.8247099536480862 0.4484401196566695 1.835934244801349 3.101310656120285 1.9585511927231842 6.148890977061082 1.1228851163795739 4.9895090655570655 2.2617209421531497 4.463912468231919 -0.5896483935089786 6.452657152502389 
2.605898634612802 1.4534124656399316 1.3698825412436777 1.761164507633704 0.8347099536480862 0.45844011965666953 1.825934244801349 3.091310656120285 1.9685511927231842 6.138890977061082 1.1128851163795739 4.999509065557065 2.25172094215315 4.453912468231919 -0.5996483935089786 6.462657152502389 
2.615898634612802 1.4634124656399317 1.3798825412436777 1.751164507633704 0.8247099536480862 0.4484401196566695 1.835934244801349 3.0813106561202854 1.9585511927231842 6.148890977061082 1.1228851163795739 4.9895090655570655 2.2617209421531497 4.463912468231919 -0.5896483935089786 6.452657152502389 
2.605898634612802 1.4534124656399316 1.3698825412436777 1.761164507633704 0.8347099536480862 0.4384401196566695 1.825934244801349 3.091310656120285 1.9685511927231842 6.138890977061082 1.1128851163795739 4.979509065557066 2.2717209421531495 4.453912468231919 -0.5796483935089786 6.442657152502389 
2.5958986346128023 1.4434124656399316 1.3798825412436777 1.751164507633704 0.8447099536480862 0.4484401196566695 1.815934244801349 3.101310656120285 1.9585511927231842 6.128890977061082 1.1228851163795739 4.969509065557066 2.2817209421531492 4.463912468231919 -0.5696483935089786 6.432657152502389 
2.605898634612802 1.4534124656399316 1.3898825412436777 1.761164507633704 0.8347099536480862 0.4384401196566695 1.805934244801349 3.111310656120285 1.9685511927231842 6.138890977061082 1.132885116379574 4.979509065557066 2.2717209421531495 4.453912468231919 -0.5596483935089785 6.442657152502389 
2.615898634612802 1.4634124656399317 1.3798825412436777 1.751164507633704 0.8447099536480862 0.4484401196566695 1.795934244801349 3.101310656120285 1.9585511927231842 6.128890977061082 1.1228851163795739 4.969509065557066 2.2817209421531492 4.443912468231919 -0.5696483935089786 6.432657152502389 
2.605898634612802 1.4534124656399316 1.3898825412436777 1.761164507633704 0.8347099536480862 0.4384401196566695 1.805934244801349 3.111310656120285 1.9685511927231842 6.138890977061082 1.132885116379574 4.979509065557066 2.2717209421531495 4.453912468231919 -0.5596483935089785 6.442657152502389 
2.615898634612802 1.4634124656399317 1.3798825412436777 1.751164507633704 0.8447099536480862 0.4484401196566695 1.795934244801349 3.101310656120285 1.9585511927231842 6.128890977061082 1.1228851163795739 4.969509065557066 2.2817209421531492 4.443912468231919 -0.5696483935089786 6.432657152502389 
2.605898634612802 1.4534124656399316 1.3898825412436777 1.761164507633704 0.8347099536480862 0.4384401196566695 1.805934244801349 3.111310656120285 1.9685511927231842 6.138890977061082 1.132885116379574 4.979509065557066 2.2717209421531495 4.453912468231919 -0.5596483935089785 6.442657152502389 
2.615898634612802 1.4634124656399317 1.3798825412436777 1.751164507633704 0.8447099536480862 0.4484401196566695 1.795934244801349 3.101310656120285 1.9585511927231842 6.128890977061082 1.1228851163795739 4.969509065557066 2.2817209421531492 4.443912468231919 -0.5696483935089786 6.432657152502389 
2.605898634612802 1.4534124656399316 1.3898825412436777 1.761164507633704 0.8347099536480862 0.4384401196566695 1.805934244801349 3.111310656120285 1.9685511927231842 6.138890977061082 1.132885116379574 4.979509065557066 2.2717209421531495 4.453912468231919 -0.5596483935089785 6.442657152502389 
2.615898634612802 1.4634124656399317 1.3798825412436777 1.751164507633704 0.8447099536480862 0.4484401196566695 1.795934244801349 3.101310656120285 1.9585511927231842 6.128890977061082 1.1228851163795739 4.969509065557066 2.2817209421531492 4.443912468231919 -0.5696483935089786 6.432657152502389 
2.605898634612802 1.4534124656399316 1.3898825412436777 1.761164507633704 0.8347099536480862 0.4384401196566695 1.805934244801349 3.111310656120285 1.9685511927231842 6.138890977061082 1.132885116379574 4.979509065557066 2.2717209421531495 4.453912468231919 -0.5596483935089785 6.442657152502389 
2.615898634612802 1.4634124656399317 1.3798825412436777 1.751164507633704 0.8447099536480862 0.4484401196566695 1.795934244801349 3.101310656120285 1.9585511927231842 6.128890977061082 1.1228851163795739 4.969509065557066 2.2817209421531492 4.443912468231919 -0.5696483935089786 6.432657152502389 
2.605898634612802 1.4534124656399316 1.3898825412436777 1.761164507633704 0.8347099536480862 0.4384401196566695 1.805934244801349 3.111310656120285 1.9685511927231842 6.138890977061082 1.132885116379574 4.979509065557066 2.2717209421531495 4.453912468231919 -0.5596483935089785 6.442657152502389 
2.615898634612802 1.4634124656399317 1.3798825412436777 1.751164507633704 0.8447099536480862 0.4484401196566695 1.795934244801349 3.101310656120285 1.9585511927231842 6.128890977061082 1.1228851163795739 4.969509065557066 2.2817209421531492 4.443912468231919 -0.5696483935089786 6.432657152502389 
2.605898634612802 1.4534124656399316 1.3898825412436777 1.761164507633704 0.8347099536480862 0.4384401196566695 1.805934244801349 3.111310656120285 1.9685511927231842 6.138890977061082 1.132885116379574 4.979509065557066 2.2717209421531495 4.453912468231919 -0.5596483935089785 6.442657152502389 
2.615898634612802 1.4634124656399317 1.3798825412436777 1.751164507633704 0.8447099536480862 0.4484401196566695 1.795934244801349 3.101310656120285 1.9585511927231842 6.128890977061082 1.1228851163795739 4.969509065557066 2.2817209421531492 4.443912468231919 -0.5696483935089786 6.432657152502389 
2.605898634612802 1.4534124656399316 1.3898825412436777 1.761164507633704 0.8347099536480862 0.4384401196566695 1.805934244801349 3.111310656120285 1.9685511927231842 6.138890977061082 1.132885116379574 4.979509065557066 2.2717209421531495 4.453912468231919 -0.5596483935089785 6.442657152502389 
2.615898634612802 1.4634124656399317 1.3798825412436777 1.751164507633704 0.8447099536480862 0.4484401196566695 1.795934244801349 3.101310656120285 1.9585511927231842 6.128890977061082 1.1228851163795739 4.969509065557066 2.2817209421531492 4.443912468231919 -0.5696483935089786 6.432657152502389 
2.605898634612802 1.4534124656399316 1.3898825412436777 1.761164507633704 0.8347099536480862 0.4384401196566695 1.805934244801349 3.111310656120285 1.9685511927231842 6.138890977061082 1.132885116379574 4.979509065557066 2.2717209421531495 4.453912468231919 -0.5596483935089785 6.442657152502389 
2.615898634612802 1.4634124656399317 1.3798825412436777 1.751164507633704 0.8447099536480862 0.4484401196566695 1.795934244801349 3.101310656120285 1.9585511927231842 6.128890977061082 1.1228851163795739 4.969509065557066 2.2817209421531492 4.443912468231919 -0.5696483935089786 6.432657152502389 
2.605898634612802 1.4534124656399316 1.3898825412436777 1.761164507633704 0.8347099536480862 0.4384401196566695 1.805934244801349 3.111310656120285 1.9685511927231842 6.138890977061082 1.132885116379574 4.979509065557066 2.2717209421531495 4.453912468231919 -0.5596483935089785 6.442657152502389 
2.615898634612802 1.4634124656399317 1.3798825412436777 1.751164507633704 0.8447099536480862 0.4484401196566695 1.795934244801349 3.101310656120285 1.9585511927231842 6.128890977061082 1.1228851163795739 4.969509065557066 2.2817209421531492 4.443912468231919 -0.5696483935089786 6.432657152502389 
2.605898634612802 1.4534124656399316 1.3898825412436777 1.761164507633704 0.8347099536480862 0.4384401196566695 1.805934244801349 3.111310656120285 1.9685511927231842 6.138890977061082 1.132885116379574 4.979509065557066 2.2717209421531495 4.453912468231919 -0.5596483935089785 6.442657152502389 
2.615898634612802 1.4634124656399317 1.3798825412436777 1.751164507633704 0.8447099536480862 0.4484401196566695 1.795934244801349 3.101310656120285 1.9585511927231842 6.128890977061082 1.1228851163795739 4.969509065557066 2.2817209421531492 4.443912468231919 -0.5696483935089786 6.432657152502389 
2.605898634612802 1.4534124656399316 1.3898825412436777 1.761164507633704 0.8347099536480862 0.4384401196566695 1.805934244801349 3.111310656120285 1.9685511927231842 6.138890977061082 1.132885116379574 4.979509065557066 2.2717209421531495 4.453912468231919 -0.5596483935089785 6.442657152502389 
2.615898634612802 1.4634124656399317 1.3798825412436777 1.751164507633704 0.8447099536480862 0.4484401196566695 1.795934244801349 3.101310656120285 1.9585511927231842 6.128890977061082 1.1228851163795739 4.969509065557066 2.2817209421531492 4.443912468231919 -0.5696483935089786 6.432657152502389 
2.605898634612802 1.4534124656399316 1.3898825412436777 1.761164507633704 0.8347099536480862 0.4384401196566695 1.805934244801349 3.111310656120285 1.9685511927231842 6.138890977061082 1.132885116379574 4.979509065557066 2.2717209421531495 4.453912468231919 -0.5596483935089785 6.442657152502389 
2.615898634612802 1.4634124656399317 1.3798825412436777 1.751164507633704 0.8447099536480862 0.4484401196566695 1.795934244801349 3.101310656120285 1.9585511927231842 6.128890977061082 1.1228851163795739 4.969509065557066 2.2817209421531492 4.443912468231919 -0.5696483935089786 6.432657152502389 
2.605898634612802 1.4534124656399316 1.3898825412436777 1.761164507633704 0.8347099536480862 0.4384401196566695 1.805934244801349 3.111310656120285 1.9685511927231842 6.138890977061082 1.132885116379574 4.979509065557066 2.2717209421531495 4.453912468231919 -0.5596483935089785 6.442657152502389 
2.615898634612802 1.4634124656399317 1.3798825412436777 1.751164507633704 0.8447099536480862 0.4484401196566695 1.795934244801349 3.101310656120285 1.9585511927231842 6.128890977061082 1.1228851163795739 4.969509065557066 2.2817209421531492 4.443912468231919 -0.5696483935089786 6.432657152502389 
2.605898634612802 1.4534124656399316 1.3898825412436777 1.761164507633704 0.8347099536480862 0.4384401196566695 1.805934244801349 3.111310656120285 1.9685511927231842 6.138890977061082 1.132885116379574 4.979509065557066 2.2717209421531495 4.453912468231919 -0.5596483935089785 6.442657152502389 
2.615898634612802 1.4634124656399317 1.3798825412436777 1.751164507633704 0.8447099536480862 0.4484401196566695 1.795934244801349 3.101310656120285 1.9585511927231842 6.128890977061082 1.1228851163795739 4.969509065557066 2.2817209421531492 4.443912468231919 -0.5696483935089786 6.432657152502389 
2.605898634612802 1.4534124656399316 1.3898825412436777 1.761164507633704 0.8347099536480862 0.4384401196566695 1.805934244801349 3.111310656120285 1.9685511927231842 6.138890977061082 1.132885116379574 4.979509065557066 2.2717209421531495 4.453912468231919 -0.5596483935089785 6.442657152502389 
2.615898634612802 1.4634124656399317 1.3798825412436777 1.751164507633704 0.8447099536480862 0.4484401196566695 1.795934244801349 3.101310656120285 1.9585511927231842 6.128890977061082 1.1228851163795739 4.969509065557066 2.2817209421531492 4.443912468231919 -0.5696483935089786 6.432657152502389 
2.605898634612802 1.4534124656399316 1.3898825412436777 1.761164507633704 0.8347099536480862 0.4384401196566695 1.805934244801349 3.111310656120285 1.9685511927231842 6.138890977061082 1.132885116379574 4.979509065557066 2.2717209421531495 4.453912468231919 -0.5596483935089785 6.442657152502389 
2.615898634612802 1.4634124656399317 1.3798825412436777 1.751164507633704 0.8447099536480862 0.4484401196566695 1.795934244801349 3.101310656120285 1.9585511927231842 6.128890977061082 1.1228851163795739 4.969509065557066 2.2817209421531492 4.443912468231919 -0.5696483935089786 6.432657152502389 
2.605898634612802 1.4534124656399316 1.3898825412436777 1.761164507633704 0.8347099536480862 0.4384401196566695 1.805934244801349 3.111310656120285 1.9685511927231842 6.138890977061082 1.132885116379574 4.979509065557066 2.2717209421531495 4.453912468231919 -0.5596483935089785 6.442657152502389 
2.615898634612802 1.4634124656399317 1.3798825412436777 1.751164507633704 0.8447099536480862 0.4484401196566695 1.795934244801349 3.101310656120285 1.9585511927231842 6.128890977061082 1.1228851163795739 4.969509065557066 2.2817209421531492 4.443912468231919 -0.5696483935089786 6.432657152502389 
2.605898634612802 1.4534124656399316 1.3898825412436777 1.761164507633704 0.8347099536480862 0.4384401196566695 1.805934244801349 3.111310656120285 1.9685511927231842 6.138890977061082 1.132885116379574 4.979509065557066 2.2717209421531495 4.453912468231919 -0.5596483935089785 6.442657152502389 
2.615898634612802 1.4634124656399317 1.3798825412436777 1.751164507633704 0.8447099536480862 0.4484401196566695 1.795934244801349 3.101310656120285 1.9585511927231842 6.128890977061082 1.1228851163795739 4.969509065557066 2.2817209421531492 4.443912468231919 -0.5696483935089786 6.432657152502389 
2.605898634612802 1.4534124656399316 1.3898825412436777 1.761164507633704 0.8347099536480862 0.4384401196566695 1.805934244801349 3.111310656120285 1.9685511927231842 6.138890977061082 1.132885116379574 4.979509065557066 2.2717209421531495 4.453912468231919 -0.5596483935089785 6.442657152502389 
2.615898634612802 1.4634124656399317 1.3798825412436777 1.751164507633704 0.8447099536480862 0.4484401196566695 1.795934244801349 3.101310656120285 1.9585511927231842 6.128890977061082 1.1228851163795739 4.969509065557066 2.2817209421531492 4.443912468231919 -0.5696483935089786 6.432657152502389 
2.605898634612802 1.4534124656399316 1.3898825412436777 1.761164507633704 0.8347099536480862 0.4384401196566695 1.805934244801349 3.111310656120285 1.9685511927231842 6.138890977061082 1.132885116379574 4.979509065557066 2.2717209421531495 4.453912468231919 -0.5596483935089785 6.442657152502389 
2.615898634612802 1.4634124656399317 1.3798825412436777 1.751164507633704 0.8447099536480862 0.4484401196566695 1.795934244801349 3.101310656120285 1.9585511927231842 6.128890977061082 1.1228851163795739 4.969509065557066 2.2817209421531492 4.443912468231919 -0.5696483935089786 6.432657152502389 
2.605898634612802 1.4534124656399316 1.3898825412436777 1.761164507633704 0.8347099536480862 0.4384401196566695 1.805934244801349 3.111310656120285 1.9685511927231842 6.138890977061082 1.132885116379574 4.979509065557066 2.2717209421531495 4.453912468231919 -0.5596483935089785 6.442657152502389 
2.615898634612802 1.4634124656399317 1.3798825412436777 1.751164507633704 0.8447099536480862 0.4484401196566695 1.795934244801349 3.101310656120285 1.9585511927231842 6.128890977061082 1.1228851163795739 4.969509065557066 2.2817209421531492 4.443912468231919 -0.5696483935089786 6.432657152502389 
2.605898634612802 1.4534124656399316 1.3898825412436777 1.761164507633704 0.8347099536480862 0.4384401196566695 1.805934244801349 3.111310656120285 1.9685511927231842 6.138890977061082 1.132885116379574 4.979509065557066 2.2717209421531495 4.453912468231919 -0.5596483935089785 6.442657152502389 
2.615898634612802 1.4634124656399317 1.3798825412436777 1.751164507633704 0.8447099536480862 0.4484401196566695 1.795934244801349 3.101310656120285 1.9585511927231842 6.128890977061082 1.1228851163795739 4.969509065557066 2.2817209421531492 4.443912468231919 -0.5696483935089786 6.432657152502389 
2.605898634612802 1.4534124656399316 1.3898825412436777 1.761164507633704 0.8347099536480862 0.4384401196566695 1.805934244801349 3.111310656120285 1.9685511927231842 6.138890977061082 1.132885116379574 4.979509065557066 2.2717209421531495 4.453912468231919 -0.5596483935089785 6.442657152502389 
2.615898634612802 1.4634124656399317 1.3798825412436777 1.751164507633704 0.8447099536480862 0.4484401196566695 1.795934244801349 3.101310656120285 1.9585511927231842 6.128890977061082 1.1228851163795739 4.969509065557066 2.2817209421531492 4.443912468231919 -0.5696483935089786 6.432657152502389 
2.605898634612802 1.4534124656399316 1.3898825412436777 1.761164507633704 0.8347099536480862 0.4384401196566695 1.805934244801349 3.111310656120285 1.9685511927231842 6.138890977061082 1.132885116379574 4.979509065557066 2.2717209421531495 4.453912468231919 -0.5596483935089785 6.442657152502389 
2.615898634612802 1.4634124656399317 1.3798825412436777 1.751164507633704 0.8447099536480862 0.4484401196566695 1.795934244801349 3.101310656120285 1.9585511927231842 6.128890977061082 1.1228851163795739 4.969509065557066 2.2817209421531492 4.443912468231919 -0.5696483935089786 6.432657152502389 
